	insect_51_WholeSpecimen	insect_52_WholeSpecimen	insect_53_WholeSpecimen	insect_54_WholeSpecimen	insect_55_WholeSpecimen	insect_56_WholeSpecimen	insect_57_WholeSpecimen	insect_58_WholeSpecimen	insect_59_WholeSpecimen	insect_60_WholeSpecimen	insect_61_WholeSpecimen	insect_62_WholeSpecimen	insect_63_WholeSpecimen	insect_64_WholeSpecimen	insect_65_WholeSpecimen	insect_66_WholeSpecimen	insect_67_WholeSpecimen	insect_68_WholeSpecimen	insect_69_WholeSpecimen	insect_70_WholeSpecimen
34522f6fba9f9511c46625d05745f398	0	0	0	0	0	67	0	0	0	0	0	0	0	0	0	0	0	0	0	0
7c1f8891868cee4ca43d6899845a8174	0	0	0	0	0	0	0	0	0	0	0	0	0	0	6	0	42	19	0	0
5ce5b877283f5eb68e82d6acf2e0e3b4	0	0	112	0	0	0	0	0	0	0	0	0	0	0	2	0	0	0	0	0
d66caf47fac43ddb2065f57eec5d68c7	0	0	0	0	0	0	0	0	6	0	0	0	0	0	14	0	239	49	2	0
9307fc3078987a379002164d7227898c	0	0	0	0	0	775	0	0	0	0	0	343	103	0	0	0	0	0	0	0
af39cffc045e50cd3fb97cd7cabe423c	0	0	7	0	0	242	0	0	0	0	0	305	73	0	36	0	0	0	0	0
f84e1703bbbc3a7c5c52e833a32bdec8	0	0	0	0	0	0	0	0	0	0	0	7	0	0	0	0	0	0	0	0
263ee794791b2bf9061272c114192967	0	0	9	0	0	0	0	0	4	0	0	0	0	0	0	0	0	0	0	0
94b3673b6856c62a3b1a0579aa73d669	0	0	0	0	0	0	0	0	0	0	3	0	0	0	12	0	0	0	0	0
849e127c50703dfeafe4167a3909c3b8	0	0	4	0	0	0	0	0	0	0	0	0	0	0	0	0	0	0	0	0
6191d9bbba985f5ffe9d99b1bfdf052f	0	0	0	0	0	0	0	0	0	0	0	0	0	0	3	0	0	0	0	0
686cbbcfb98db837ad4a58d522bf379b	0	0	0	0	0	0	0	10	0	0	0	0	0	0	0	0	0	0	0	0
7efc0824082c46de00308b234091ee1c	0	0	0	0	0	0	0	0	0	0	5	0	0	0	0	0	0	0	0	0
5f676e17b06e4d9f5695c87259abfdeb	0	0	0	0	0	0	0	0	0	0	0	0	0	0	18	0	0	0	0	0
d8e7f9181e4d5a4a6453e9ca9996a43f	0	0	0	0	282	0	0	0	0	0	0	0	0	0	0	0	0	0	5	0
bf56d39c5ae7c4117d1e10b2bbe85d8c	0	0	3	0	0	0	0	0	0	0	0	0	0	0	5	0	0	0	9	0
9d5054752ed33d6a22bd0f96b5618b1c	0	0	0	0	0	0	0	0	0	0	0	0	52	0	0	0	0	0	0	0
333bbf9224442fc10cd497377d2b1d01	0	0	0	0	142	0	0	0	0	0	0	0	14	0	0	0	0	0	0	0
2c982937754e6321f861027032db80f7	0	0	0	0	118	0	0	0	0	0	0	0	0	0	0	0	0	0	0	0
5c44b50c2d69a7805f2777868e011deb	0	0	4	18	0	0	0	0	8	0	0	0	0	0	0	0	0	0	20	0
0246fa62b3f359ffe105c2390484bcad	0	0	0	0	0	0	0	0	0	0	0	0	0	0	9	0	0	0	0	0
645fecf8a62f2e98b48f1353b6fb118c	0	0	0	0	0	0	0	0	19	0	0	0	0	0	166	0	0	0	0	0
762564b661e50592bfa772adf7ff740b	0	0	6	57	0	0	0	0	219	35	6	0	0	0	208	0	0	55	12	0
071ee2e17a7a2e71d1401a2a443147f1	0	0	0	0	0	0	0	0	0	0	0	0	0	0	15	0	0	0	5	0
e601d5aa57f21cbae95b7d4ddd1bd8d6	0	0	0	0	0	0	0	0	0	0	0	0	0	0	14	0	0	0	0	0
28ccc4ff38640a986450539e09cfc99a	0	0	23	7	0	0	0	0	26	0	41	0	0	0	40	0	0	0	0	0
e30f2f2848251e94ffc1dc5b45927c0f	0	0	0	0	0	0	0	0	0	0	0	0	0	0	3	0	0	0	0	0
4fc9e3fe54939ad289d45436d32a1187	0	11	0	0	0	0	982	0	0	142	0	0	0	0	0	0	0	0	0	0
bf30837c9ffa331c74cd7f9dcb232d82	0	0	0	0	0	0	0	0	0	0	0	0	0	0	0	0	0	0	0	167
225475dcffe2c28e4f3cb6105080afb4	0	0	0	0	0	0	0	0	0	0	0	0	0	0	19	0	0	0	0	0
48dafa9df9a8a1243e5257b7a2cffde1	0	6	0	0	0	0	0	0	0	0	0	757	0	0	0	0	0	0	0	0
b228d0a32d7a6731c38e29f34bca0739	0	0	0	0	0	0	0	0	0	0	0	0	0	0	6	0	0	0	0	0
622da4e8b3fc340bb1b5b54d8b6ddfaf	0	0	0	0	0	0	0	16	16594	0	0	0	0	0	0	10	0	0	0	0
a60bedcb03115e38601d1cb581469d07	0	0	0	0	0	0	0	0	0	0	0	0	16	0	0	0	0	0	0	0
19d90cb7ea515676f735b4781f63e3c7	0	0	0	0	0	0	0	0	0	0	26	0	0	0	0	0	0	0	55	0
6dfb118aa8b73ede1bdb71dedc23838c	0	0	0	0	0	0	0	0	0	0	0	0	14	0	0	0	0	0	63	0
419af6db3c0709d63ffc1933ab11b24c	0	0	0	0	92	0	0	0	0	0	0	0	50	0	0	0	0	0	0	0
7d528107a0f51c505c5e69baaf66fea1	0	0	5	0	0	0	0	0	0	0	0	0	0	0	0	0	55	12	0	0
40430cb3f1549292579a0136c2e9649b	0	0	25	12	0	0	0	0	16	19	13	8	0	0	18	11	103	51	11	0
87fb4aa5566ac9f722263541069283d5	0	0	0	0	0	0	0	0	18	0	0	0	0	0	0	0	0	0	0	0
4c578c5c2a107f68769293fc1ea9508d	0	0	0	0	0	0	0	0	0	0	0	0	0	0	0	0	32	0	0	0
cd0237814356f7cf6bf252bbc3545500	0	0	0	0	0	0	0	0	0	0	0	0	0	0	0	11	98	0	0	0
57d95925df2d04ef067329f724fe0f52	0	0	16	0	0	0	0	0	0	0	0	0	0	0	12	0	0	0	0	0
573efacc10a89751b0906a17e2c2251f	0	0	0	0	0	0	0	0	0	0	8	0	0	0	16	0	306	14	0	0
d2188544b195effba7cc1ce1f51ed877	0	0	0	0	0	0	0	0	0	0	0	0	0	0	0	6	0	0	0	0
afeb5f537f01e0ae2197638255f15282	0	0	0	0	0	0	0	0	0	0	0	0	0	0	7	0	0	0	0	0
a6fa449a75ed943eff733f2070f3da83	0	0	0	0	0	0	0	0	0	0	0	30	0	0	0	0	0	0	0	0
533b6c05a74b2c25a94f884d6fe42f9d	0	0	0	0	0	0	0	0	0	0	0	0	0	0	0	0	0	0	177	0
41d38e4234b3645f588a431a7dba50ba	0	0	0	0	0	0	0	0	0	0	0	3	0	0	0	0	0	0	0	0
70ba7f010c09d57ed2362bd06da989eb	0	0	0	0	0	0	0	0	0	0	0	0	0	0	0	0	0	0	34	0
e9f900358bb9297e10b9fbb1321b1e6e	0	0	0	0	39	0	0	0	0	0	0	0	0	0	0	0	0	0	0	0
e865f29a716e8d51f83931befa951240	0	0	0	0	0	0	0	0	0	0	0	0	0	0	0	0	0	0	29	0
5e50943041dc4e3f0f2de0619c79645f	0	0	0	0	0	0	0	0	0	0	0	0	0	0	0	0	10	4	0	0
f8ff6d82579364a533529c6d48ebc506	0	0	0	0	0	0	0	0	0	0	0	0	0	0	0	0	9	0	0	0
4a0b292ba716582f9af46694458c0b9b	0	316	0	0	0	0	0	0	0	0	0	0	0	0	0	0	0	0	0	0
ff240ffe0c798ab1d4fa4cd1a771b4a8	0	0	0	0	0	10	0	0	0	28	0	0	0	0	0	0	0	0	0	0
9f28aebd75a08b0f9dc94badc040df0e	0	0	0	0	0	0	0	0	0	0	0	15	0	0	0	0	0	0	0	0
7cf031d1e9c4c5b8f08637504851bc09	0	0	0	0	0	0	0	0	0	0	0	10	0	0	0	0	0	0	0	0
c8b73180e977e7ea320783463dd3c9a0	11	0	0	0	0	0	0	0	0	0	0	0	0	0	0	0	0	0	0	0
436836e0f999f94c8c89d1cc72c36abb	0	0	0	0	0	0	0	0	0	0	0	6	0	0	0	0	0	0	0	0
8b213f15a0a885064a328c7550e2871b	0	0	0	0	0	0	0	0	0	0	0	7	0	0	0	0	0	0	0	0
fff5f7f95b3d2b41601c3b00f487a6f6	0	0	0	0	0	0	0	0	0	0	0	0	0	0	0	3	0	0	0	0
649c9ed85fdef213a9eaa2727d399678	0	0	0	0	0	0	0	0	0	0	0	8	0	0	0	0	0	0	0	0
474cda6ad36902d427ba9d46a85ecc05	0	0	0	0	0	0	0	0	0	0	0	35	0	0	0	0	0	0	0	0
741019a4c538ceb6b24014953ebc4c77	0	0	0	0	0	0	0	0	0	0	0	19	0	0	0	0	0	0	0	0
10e51791c8dee561db8251780cf9ef0d	0	0	0	0	0	0	0	0	0	0	0	0	36	0	0	0	0	0	0	0
cd5cbbf5c9cdb460f3da9ceed4a787ad	0	0	0	0	0	0	0	0	0	0	0	0	0	0	0	0	0	3	0	0
db0d250b732b5a677efb3044285d0bbf	0	0	0	0	0	0	0	0	0	0	0	4	0	0	0	0	0	0	0	0
202fbe901b89ad25ca6fd6f2014bc635	0	0	0	0	0	0	0	0	0	0	5	0	0	0	0	0	0	0	0	0
904c03ed4a8c8d1e982525c4fda1a33b	0	0	13	0	0	0	0	0	0	0	0	0	0	0	0	0	0	0	0	0
621492842a9298d79db8d956f546cd46	0	0	0	0	0	0	0	0	0	0	30	0	0	0	0	0	0	0	133	0
e06bbfabb1c1ed09504b4af9208e7fb5	0	0	0	0	0	0	0	0	44	0	22	0	0	0	15	10	0	133	0	0
b1dad6ea975d422762f73147fb21776c	0	0	8	0	0	0	0	0	0	0	0	0	0	0	0	0	0	0	0	0
d114fb4c335125128be28401522dd41a	0	0	42	0	0	14	0	0	0	0	38	251	468	0	35	0	0	0	5	0
b3d2cc3b9f0184830bec2ef73bcc6166	0	0	0	0	0	15	0	0	0	0	0	185	1143	0	0	0	0	0	19	0
26267ca88be3d0ba21ca7309381311ea	0	0	0	0	0	0	0	18	0	0	0	0	0	0	0	0	0	0	0	0
683a4c4e73c6d4d7324977e95fab24bc	0	0	0	0	0	0	0	61	0	0	0	0	0	0	0	0	0	0	0	0
735cb9abbbc8ff2b5b354be608a3a869	0	0	0	0	111	0	0	0	0	0	0	0	1642	0	0	0	0	0	0	0
9fec7bdd6bd88e710bd69b15692e54a0	48	70	0	0	0	0	0	0	5	0	0	91	261	0	0	40	0	0	93	0
9e75d15ba3717ca20d8aa45e3c4a6bab	0	0	0	0	0	0	3	0	0	0	0	0	0	0	0	0	0	0	0	0
6ba43acb03ae795b3e7e31f2be946006	0	0	0	0	0	0	0	0	0	0	0	4	0	0	0	0	0	0	0	0
0ede181cba719902c5e1fa933644b97e	0	0	0	0	0	0	0	14	0	0	0	0	0	0	0	0	0	0	0	0
9e9c4270966cf507485654eb33a69880	0	0	0	0	0	80	0	0	0	0	0	20	0	0	0	0	0	0	69	0
549d269e41c4d2ccf288e69078402321	0	0	0	0	0	48	0	0	0	0	0	945	249	0	0	0	0	0	0	0
c92bce8f9a0355882175820144995211	0	0	0	0	0	0	0	0	0	0	0	0	0	0	0	0	0	0	581	0
45d4fe3f6c01f77c2dfc11dd91d3359a	0	0	0	0	0	0	0	0	0	0	0	0	0	0	0	0	0	0	1376	0
95fdd816723ca482a5caba10bea171c8	0	192	0	0	235	0	0	0	76	0	3	0	1161	0	0	0	0	0	0	0
699451337a172488eee356a6f8762ac6	0	0	0	0	0	0	0	0	0	0	0	0	0	0	0	0	0	0	107	0
238f7a0abc2eac3ec4c026cd6363ac86	0	0	0	0	0	0	0	0	0	0	0	9	0	4	0	0	0	0	0	0
8df399e29acb5a583f449a82db4e17c9	0	0	0	0	0	0	0	0	0	0	0	0	0	0	20	0	0	0	0	0
cd1e10bc6b95fd6a15e91d2e8d188b3e	0	0	0	0	0	0	0	0	0	0	4	0	0	0	0	0	0	0	0	0
0df6c802966e8670279671824da4f10a	0	0	0	0	423	0	0	0	92	0	0	21	1189	0	0	0	0	0	67	0
e147f17187ee6e0d8e84bdd370bfb053	0	0	0	0	4831	0	0	0	0	0	0	32	1657	0	0	0	0	0	0	0
b250d27301547aede6c1d52ce67e6e2b	0	0	0	0	0	0	0	0	0	0	0	0	0	0	78	0	0	0	0	0
4f36667dc83b9de0118e8b829e658d04	0	0	0	0	0	0	0	0	0	0	0	0	0	0	0	0	0	0	35	0
2f8ad4365632e4a05d8897ac4ee70b3a	0	0	0	0	0	0	0	0	46	0	0	0	240	0	0	0	0	0	0	0
ae294d0eeda4b1244450fbcb30cfe221	0	0	0	0	0	0	0	0	0	0	0	0	64	0	0	0	0	0	0	0
859d00ceee35d471060a6b6e71ac245e	0	0	0	0	146	0	0	0	0	0	0	0	131	0	0	0	0	0	0	0
3c6b7aba3c5b30cacd9697aeca29f96a	0	0	0	0	233	0	0	0	0	0	0	0	0	0	0	0	0	0	0	0
2ef1e51ab1cf99a3c6417b05a060830e	0	16	0	0	2030	0	0	0	131	0	7	0	1796	0	0	0	0	0	159	0
16815dfac84c1514c40ff5f228552dc1	0	0	0	0	78	0	0	0	0	0	0	0	71	0	0	0	0	0	0	0
feb1c288cd46f6fd9bc3c2c35970cbdf	0	0	0	0	1073	0	0	0	0	0	0	0	674	0	0	0	0	0	0	0
acccab8e28b5e2cfc41fb8ae64cbf978	0	0	0	0	0	0	0	0	0	0	18	57	0	0	0	15	1533	112	33	0
8e53132374397c334ee9f914a57b3edd	0	0	0	0	0	0	0	0	0	0	0	0	0	0	109	0	0	0	0	0
afafbfdb968c15d718cb6463a98c724f	0	200	0	0	0	0	0	0	0	0	0	0	0	0	0	0	0	0	0	0
9bdcaa83879589ae4241b8699d297664	0	0	0	0	0	0	0	0	0	0	0	4398	0	0	0	0	0	0	0	7392
720bbb0411edd2b97a8cc3d66e3b47e0	0	0	0	0	0	151	0	0	0	0	0	2712	1135	0	0	0	92	38	0	0
b016960f4f8947013ca6ba08b229f219	0	0	0	0	0	0	80	0	254	0	0	0	0	0	0	0	0	0	0	0
bd000d78e5059d02dcb76892a38a4bbf	0	0	0	0	0	0	0	0	0	0	0	0	0	0	316	0	0	0	0	0
e20080c3550b1318bbb29e84d651c014	0	8537	0	0	63	99	645	341	8179	4004	4571	14995	7927	0	4611	0	0	0	6099	23705
f40a4e449931e18bbc267129496cc5f4	0	0	0	0	0	0	0	0	0	0	0	0	0	0	0	57	0	0	0	0
7944f475b96541cd3eb1ebae877fffbe	0	0	0	0	0	0	0	61	0	0	0	0	0	0	0	0	0	0	0	0
f17aa6c7d60aa9f234c8ad6f97c17d47	0	0	0	0	0	210	0	0	0	0	0	961	457	0	0	0	198	183	25	0
737c098d1007948d40e6cbaf904b72d9	0	0	49	0	0	0	0	0	0	0	0	138	90	0	2029	0	108	80	0	0
dc650e6fbd99d3c22ad326898b059c1f	0	0	0	0	0	0	0	0	0	0	0	0	0	0	0	0	200	0	0	0
6755be0886d71fa083effb1d8a810d69	0	0	0	0	0	386	0	0	0	0	0	351	125	0	0	0	0	0	0	0
9908fffab7ed4f3bec44cda2f5084d49	0	0	32	0	0	0	0	0	0	97	0	1277	4410	0	181	0	0	0	0	0
569653b1659271a290facfcedd0de061	0	0	0	0	0	13952	0	0	0	0	0	0	0	0	0	0	0	0	0	0
4005f039311a1265dd8f02e81c3bbd8f	0	0	0	0	0	0	0	0	9	0	0	0	0	0	0	0	0	0	101	0
58e1c9011d68209736eb00dccf62ecf2	0	0	0	0	0	0	0	0	0	0	0	0	0	0	0	0	19	0	0	0
153dbe797be4fdb676be9b495fb4a081	0	0	57	0	0	0	0	0	0	0	0	0	0	0	0	0	116	0	19	0
e8c4470cea2d0aad86e0fbaa03d2f750	0	0	0	0	0	528	0	0	0	0	0	341	582	0	0	0	0	0	0	0
b383a0f98e44fe8a7452ebf944105c48	0	0	0	0	0	0	0	0	0	0	0	16	0	0	0	0	0	0	0	0
83e948f389f9d97b0c975afc880989e8	0	0	7	0	0	0	0	0	0	0	0	0	0	0	0	0	0	0	0	0
308df1fb41d807a16562a9960b47db39	0	0	19	0	0	0	0	0	0	0	0	0	0	0	0	0	0	0	0	0
b7eaf056f38e17a2d1b343fd8b4dfd4f	0	0	0	0	0	0	0	0	0	0	0	0	0	0	38	0	0	0	0	0
47f46f5f75ca53d130f998f59c4ef5c0	0	0	0	0	0	0	0	0	0	0	0	0	0	0	0	0	11	0	0	0
d12fa38dcafa4b438b14e45008e41f1a	0	0	0	0	0	0	0	0	0	0	0	0	0	0	0	0	0	0	29	0
4bc01bc8f96d637800d5b73e009374c2	34	45	0	0	0	27	0	39	44	30	0	89	73	30	0	0	75	0	0	52
5c90c1871672ce1632be5add2ece9f01	0	0	27	0	71	0	0	0	0	0	0	0	0	0	0	33	0	0	0	0
6817b79b1d2b9452d2d345224b9c6762	0	0	0	0	0	0	0	0	0	0	0	0	0	0	0	0	716	61	108	0
3073690a8233475dcf5f6d739def1bb5	35	55	71	29	80	0	0	0	1048	41	74	95	0	0	691	558	576	364	1166	36
5915d2905d9546fee67154780edbde00	0	0	0	0	0	0	0	0	72	0	0	0	0	0	0	0	50	116	0	0
953ec817616f23171de7ec502793806c	0	0	0	0	0	0	0	0	518	0	0	0	0	0	0	889	0	54	0	0
df4c03a471633d76e7e2f5beb8a78af7	11	15	0	0	0	0	0	0	0	0	0	51	0	12	0	74	695	41	26	0
b306b305fd1e6de902363b591fd28fac	0	0	0	0	0	12	0	0	0	0	13	0	0	0	0	0	0	0	0	0
108d1516936e8916f8d927a5b40efc7d	0	0	0	0	0	0	0	0	61	0	0	0	0	0	0	0	30	0	0	0
21610dcbd05af4529071c39e2997cf17	22	0	21	14	0	236	0	0	29	94	0	77	0	0	99	30	343	52	4746	0
bdf8a26094624622d68509a87fa75ba7	0	0	31	0	0	0	0	0	0	0	0	93	89	0	46	29	43	9	0	0
df0e3d38eec730326754d8c17a8b8efe	0	0	0	0	0	0	0	0	63	0	0	0	100	0	0	0	0	0	0	0
0fd0d931e539ae60c0fba2e5e7f05285	0	0	0	0	0	0	0	0	0	0	0	171	0	0	0	0	0	0	0	0
26c6e3ed14694582e207478c1f23c21f	0	0	0	0	0	0	0	0	0	0	0	68	0	0	0	14	0	0	0	0
c0bd493b8ee3f248ce1b25e83e2b1737	0	0	0	0	0	441	0	0	0	0	0	595	275	0	0	0	0	0	0	0
f212ad3759f4319aaa51f9a2dc5be324	0	0	0	0	0	373	0	0	0	0	0	143	455	0	0	0	0	0	0	0
8b9ce5d63321e8cbc4516380a4ecbca9	0	0	0	0	7	0	0	0	0	0	0	0	0	0	0	0	0	0	0	0
a8dc5aeb11a8e3f8ac305f73ed6c240e	0	0	0	0	0	0	0	0	0	0	23	0	0	0	0	0	0	0	0	0
b060079a052d8ef0971aa8faf2adb85c	0	0	20	0	0	0	0	0	0	0	32	57	192	0	0	0	0	0	0	0
922d33a2963d3e87a3d4df6b82371235	0	29	0	0	0	0	0	37	0	0	0	191	0	0	0	0	0	0	0	0
bc6c345a2feb70d3210ba7f89530c5b0	0	0	0	0	0	0	0	0	0	0	0	0	12	0	0	0	0	0	0	0
4a6feebc6529ea1d4fe69492d45d4f34	0	0	0	0	0	0	0	0	0	0	0	19	74	0	0	0	0	0	0	0
e7dd01d01c0203abc3708549d99e4e9c	0	0	0	0	0	0	0	26	0	0	0	0	0	0	0	0	0	0	0	0
c0b03a7c5707b21c04dd0441b21cbe7b	0	0	0	0	0	0	0	0	0	0	8	0	0	0	0	0	0	0	0	0
ad4cba5280fb47cbebea01e7031af61c	0	0	0	0	0	0	0	0	0	0	0	0	0	0	0	0	5	0	0	0
25fe23e989514e818f4bc1f680ad6da1	0	0	0	0	0	0	0	0	0	0	0	1012	9	0	0	0	0	0	0	0
bf8174ee3331bbbfaeeb6b46a0d9da5c	0	0	0	0	1580	0	0	0	0	0	0	154	113	0	0	0	0	0	0	0
040e76434e7d972c9d8183bf7aad267c	0	0	0	0	9	0	0	0	0	0	0	0	0	0	0	0	0	0	0	0
65df0202f02f2127e06e823b8d480beb	0	0	0	0	0	0	0	0	10	0	0	0	0	0	0	13	0	0	0	0
fd95d4c4ab3ba3811bf2dc9afcf425a4	0	0	0	0	0	0	0	0	5	0	0	0	0	0	0	0	0	0	0	0
37c1f435d67da54c70204e2f23bdc086	0	0	0	0	0	0	0	0	0	0	0	0	0	0	0	4	0	0	0	0
7c50d90c47de2a062989ed2e7b9494f0	0	0	0	0	11	0	0	0	0	0	0	0	0	0	0	0	0	0	0	0
69e4f6ee722e11a59949a4b40e73a629	0	0	0	0	61	0	0	0	0	0	0	0	0	0	0	0	0	0	0	0
dc532edb1b0f39b8f3e475d4c1b30e1b	0	0	0	0	0	0	0	0	0	0	0	0	0	0	0	0	41	0	0	0
b3a97da5d7936225fda5654ccfdb98f5	0	0	84	0	0	0	0	0	32	0	0	0	0	0	0	0	0	0	0	0
46919701829f57fa2c77facf30a11355	106	0	0	0	0	0	0	0	0	0	0	0	0	0	0	0	0	0	0	0
613e3b8bfd061fded483a01c746aaf9d	0	0	0	0	0	0	0	0	0	0	0	36	0	0	0	0	0	0	0	0
d37a2c4cde8dee94466a4f3c6755ea99	0	4	0	0	0	0	0	0	0	0	0	24	4	0	0	0	0	0	0	0
7b440177656fb2fa93f1f3b0d3a36e48	0	0	0	0	0	0	0	0	0	0	0	20	0	0	0	20	0	0	0	0
c48b225bf6cdc6918b1942f1e6e8ebbe	0	0	0	0	221	0	0	0	0	0	0	0	0	0	0	0	0	0	0	0
fb6677cf61b467d1beb23ed25e57a6de	0	0	0	0	655	0	0	0	0	0	0	0	26	0	0	0	0	0	0	0
33deb57a51743c338407d5c7e9b6f5fd	0	0	0	0	0	0	0	0	0	0	0	0	0	0	0	0	0	0	11	0
ecbe3a2c13bca09cef9d91e2456c62fd	0	0	0	0	0	0	0	0	0	0	0	0	0	0	0	0	0	0	211	0
807ab4dce101a0cca3e66c559d190b9a	0	0	0	0	0	0	0	0	0	0	455	0	26	0	0	0	0	0	2049	0
c8c2f377e0b0b891def587b4492c386c	0	0	0	0	0	0	0	0	0	0	0	0	0	0	0	0	0	0	52	0
f864ed2c52dd0ee16ed932d4c4c166de	0	0	0	0	0	0	0	0	0	0	24	0	0	0	0	0	0	0	0	0
1ceb2379fdc16d3bf512df6760eeef7a	4	0	171	8	0	0	0	0	48	16	121	0	0	0	166	27	267	181	106	0
dddf3f4996401c070a8b7ad646f2620f	0	0	716	0	0	0	0	0	44	5	0	0	0	0	0	0	0	0	0	0
d20b46e3c9d79a8e49a48f112fc03d4f	0	0	0	0	0	0	0	0	0	0	0	37	0	0	0	0	0	0	76	0
e335f74033bc634af43ee6baa84fa247	40	0	0	0	8	0	0	0	0	0	0	529	130	0	0	0	0	0	0	0
31e57a1ab065214bb6b49f117e3f3499	0	0	0	0	0	0	0	0	0	0	35	0	0	0	38	0	0	0	0	0
04edaa963304c466674c30f9f9bb087e	0	128	254	0	11	0	0	0	1449	101	704	0	0	77	34	52	18	1980	29	23
c973e687a7befb9ba59a4245c59fe1ef	0	0	0	0	0	0	0	0	0	0	0	166	0	0	0	0	0	0	0	0
d241d6109cf25ac144ba599a1f42250b	0	0	0	0	0	0	0	0	0	0	0	123	0	0	0	0	0	0	0	0
b8e31fca48a9fb77a5294689bebf1c73	0	0	0	0	0	0	0	0	0	0	5	0	0	0	0	0	28	0	0	0
e254b8cf75c23561bb231ee5031c0939	0	0	9	0	0	0	0	0	0	0	0	0	0	0	0	0	99	0	17	0
212e3b140b1eb44b4f922f2921e3e9f4	0	0	0	0	0	0	0	0	74	0	0	0	0	0	210	0	58	0	45	0
b5a4ea490d99c5b7bfdd41b5d45c3906	0	0	29	63	0	0	0	0	170	0	39	0	0	3	322	79	92	179	137	0
063a342e320dbda4937e9431511dc1e3	0	0	0	0	0	0	0	0	0	0	0	0	0	0	0	0	0	0	24	0
0f5e0cd5e8b4e802f445e484ec90a55e	0	0	10	0	0	0	0	0	0	0	5	0	0	0	38	0	0	0	0	0
6af030a1790957fb1167d189a7f2225c	0	0	15	0	0	0	0	0	8	0	0	0	0	0	45	0	55	52	0	0
9e68b6a41fda804559c3b1b7dbbf33a4	0	0	0	0	0	0	0	0	0	0	0	0	0	0	0	0	7	0	0	0
d353d8f820161b7962514034d5d61ec6	2	0	359	69	0	0	0	0	166	34	210	0	0	0	680	62	1450	465	146	3
097299a949e80572fe7cdfe81ee1abd6	0	0	11	17	0	0	0	0	51	0	31	0	0	0	92	5	492	68	33	0
2953ea2da050d8f774c1581ad02dfc97	0	0	0	0	0	0	0	0	0	0	0	0	0	0	0	0	574	0	34	0
60b28cebb146d4a3166c1a9ba0dc2fc6	0	0	20	0	0	0	0	0	0	0	0	0	0	0	67	0	153	0	0	0
53ae67ddcbf678181fab8d552e8dc627	0	0	0	136	0	0	0	0	206	0	137	0	0	9	12	89	97	572	47	0
257dbed89bcbf91178f9d2dd70d3b13d	0	0	0	9	0	0	0	0	8	0	90	0	0	0	12	0	0	414	0	0
3730643884b71988867855e9864e1d06	0	0	0	0	0	0	0	0	79	0	42	0	0	0	302	0	0	158	0	0
aad8c93d0b4c37533377646ede16e986	0	0	6	0	0	0	0	0	131	0	0	0	0	0	324	82	0	163	53	0
87bc4393c38739eae4005facd703c847	0	0	0	0	0	0	0	0	15	0	16	0	0	0	0	0	0	0	0	0
7cd99636e7a7e8911d3585d21968e925	0	0	0	0	0	0	0	0	0	0	0	0	0	0	0	0	12	331	0	0
e1cc447cf0b384cd753eac24a036e6cd	0	0	0	300	0	0	0	0	444	19	185	0	0	0	9	113	25	1041	0	0
284a4bc3e5648177e0d3e530cf5bb7d8	0	0	9	3	0	0	0	0	86	8	118	0	0	0	0	27	8	2612	0	0
b4ae0007a260e607d3cf82d67a322bd2	0	0	0	0	0	0	0	0	0	0	0	0	0	0	7	0	30	0	4	0
c7086a22dfbbd037ccf40c6f7cb96d12	0	0	0	0	0	0	0	0	38	14	42	0	0	0	39	17	10	139	0	0
63878a679588dceb5219d4130965ef79	0	0	0	0	0	0	0	0	0	0	0	0	0	0	8	0	0	0	0	0
edc84ea9f8f1d2d32a03798797d50c5c	0	0	34	20	0	0	0	0	85	0	241	0	0	0	110	15	100	46	48	0
1261d491facd8509f0e41566cee612cf	0	0	34	1086	16	0	0	0	978	109	1597	0	0	87	745	116	287	260	505	0
14304b8cda0d23ac651d5e027acba3b2	0	0	0	25	0	0	0	0	0	0	39	0	0	0	16	0	0	63	0	0
051fca0e911639653a7c13cd03922717	0	0	68	0	0	0	0	0	185	0	145	0	0	0	16	0	83	213	0	0
638f64b9ce27cd31801fdc39ddb1983a	0	0	0	0	0	0	0	0	0	0	0	0	0	0	0	32	58	0	19	0
588940e0d8aa3304b2e40c4f46195ce6	0	0	0	0	0	0	0	0	0	0	0	0	0	0	98	0	18	18304	10	0
d016c583e11159a52458a1f718e92cf4	0	0	0	2438	0	0	0	0	1377	23	8	5	0	32	519	500	0	0	84	0
95f5dd0356f4a720f57c576e6f9a380c	0	0	0	0	0	0	0	0	0	0	0	0	0	0	23	0	0	315	0	0
95d709e772ad335f878c16aa92bf00fa	0	0	0	0	0	0	0	0	6	0	0	0	0	0	74	0	208	0	4	0
b876af623206a56bc77798a04808458e	2	0	0	0	0	0	0	0	27	0	0	0	0	0	11	3	0	87	0	0
3f701c066f4306a385e1cf2691ea8e75	0	0	53	0	0	0	0	0	0	10	0	0	0	0	50	0	83	0	0	0
6d1599b2a8cef111d9929c563a92859b	0	0	0	0	0	0	0	0	0	0	0	0	0	0	0	0	73	0	0	0
65426cfd17b6876361cea4a9b3f632bb	0	0	14	95	0	0	0	0	156	94	299	0	0	0	0	0	0	880	0	0
4863ff2bc26f2a13533962eefe42d83b	0	0	0	0	0	0	0	0	0	0	0	0	0	0	0	0	10	39	0	0
8dddb4cc822e7c186eac7f93c9547b76	0	0	0	0	0	0	0	0	20	0	0	0	3	0	90	0	0	0	24	0
1d431e3f2445150d2488d6ca3579bbb4	0	0	35	0	0	0	0	0	0	0	0	0	0	0	0	0	6	0	0	0
d9f21d161d1bb84decf91b96a2f5dae9	0	0	16	0	0	0	0	0	0	0	0	0	0	0	0	0	0	0	0	0
58ec81e862a7fe0bb8ee9462193c3fa4	0	0	18	0	0	0	0	0	0	0	0	0	0	0	0	0	0	0	0	0
3ae206b19e9d18ca82550d535a8a33c8	0	0	0	0	0	0	0	0	0	0	11	0	3	0	0	0	0	0	0	0
cb6eed062c9db18d3d3d8dc6f93a9077	0	0	0	0	0	0	0	0	0	0	15	0	0	0	0	0	67	0	0	0
ba687f68adcedccff45b75ef323bf13b	0	0	0	0	0	0	0	0	0	0	0	0	0	0	0	0	0	57	0	0
ca0a4149474b1cf393df42486fb4a634	0	0	16	0	0	0	0	0	0	0	21	0	0	0	0	0	0	0	0	0
639f6606352d0c9c85210b58424c4ce8	0	0	0	0	0	0	0	0	0	10	121	0	0	0	0	0	0	50	0	0
e348f4a1f7958cc5429ca9339bd0dbd3	0	0	0	28	0	0	0	0	0	0	0	0	0	0	62	0	0	0	10	0
ec4c6c09c79e759db3effefdf39a4e6c	0	0	0	0	0	0	0	0	0	0	0	0	0	0	0	0	65	0	0	0
2aaefd14acdff871b17ab6583e9842f5	0	0	0	0	0	0	0	0	14	0	0	0	0	0	0	0	0	208	0	0
51e22a4219be476dc783a90225c4f402	0	0	0	0	0	0	0	0	0	0	0	0	0	0	0	19	12	0	0	0
847f1e29fb09091249aac42c9fc4df96	0	0	19	0	0	0	0	0	0	0	0	0	0	0	28	0	703	20	0	0
4442a69a4a9555cb3d031a6232129676	0	0	37	0	0	0	0	0	0	0	0	0	0	0	9	0	45	7	0	0
ebc218731152df078258b869f0eeff3e	0	0	0	0	0	0	0	0	0	0	0	13	0	0	0	7	0	0	0	0
124f6cfac6710928fc0ab9a7b46c71e2	0	0	0	0	0	0	0	0	0	0	0	54	0	0	0	14	0	0	0	0
35cbb315e019e0a8768d4b73862df415	0	0	0	0	326	0	0	0	0	0	0	0	0	0	0	0	0	0	0	0
247d7369bc54f7ba6415449f187e457f	0	0	0	0	0	0	0	0	0	0	0	15	0	0	0	0	0	0	0	0
0e6346ea0b0209afd51a1260ea961efe	0	0	0	0	0	0	0	0	0	0	0	32	0	0	0	0	0	0	0	0
4bcbefafa048c06a56a0d5196d864e14	0	0	0	0	0	0	0	0	0	0	0	0	0	0	0	0	0	0	11	0
5630abcf2a0751973b520c34da2efded	0	0	0	0	0	0	0	0	0	0	18	0	0	0	0	0	0	0	0	0
5b41766efceecce581e4148788f37846	0	0	28	0	0	0	0	0	0	0	0	0	0	4	0	0	0	0	0	0
69ec3e28b929c43933d0295750bb53aa	0	0	0	0	0	0	0	0	0	0	0	0	0	0	6	0	0	0	0	0
6a7a6fed3a850c6bab631c438c0556c4	0	0	21	0	0	0	0	0	0	0	0	0	0	0	0	0	0	0	0	0
d66072bb4e903a9c1a95728d29427410	0	0	31	0	0	0	0	0	0	0	0	0	0	0	0	0	0	0	0	0
b503d76e5f6f07ddb15148a5631658e8	0	0	0	0	0	0	0	0	0	0	0	0	0	0	0	0	47	0	0	0
238ba78516f666cb2b29854f9a5bb2eb	0	0	0	33	0	0	0	0	0	0	0	0	0	0	45	0	182	14	0	0
c879c6a58d071e0914b0d3f16a0ad032	0	0	31	0	0	0	0	0	0	0	0	0	0	0	0	0	62	0	0	0
384f1d7dbdd0280deb8931e3a88de8f9	0	0	0	0	0	0	0	0	0	0	0	0	0	0	0	0	44	0	0	0
53e749874b572a6392c8a621832fc0b0	0	0	35	29	0	0	0	0	0	0	0	0	0	0	56	102	109	0	0	0
2dbd9bcea5c0072f509862f4d88c6d66	0	0	14	0	0	0	0	0	0	0	0	0	7	0	0	0	0	0	0	0
a9b24370bdb02a8ee91855de7b8b2813	0	0	0	0	0	0	0	0	4	0	0	84	0	0	0	36	0	0	0	0
4b390824ebb0af53b30f8dc094cbbf51	0	0	0	0	0	0	0	0	0	0	0	0	0	0	0	0	0	0	21	0
a4d8aae6c62a3c909c3b046538ad69d8	0	0	0	0	0	0	0	0	0	0	0	0	0	24	0	0	0	0	0	0
ab530a2ac42796a94172e3cb293c4af4	0	0	0	0	0	0	0	0	0	0	0	0	0	0	0	4	0	0	0	0
593350aa0461a388ce7d57e3c50adbc2	0	0	16	2	0	0	0	0	0	0	0	0	0	0	0	0	0	0	0	0
2a39f0b75d31d00b3136b2edbe82962e	0	0	0	0	0	2	0	0	0	0	0	0	0	0	0	0	0	0	0	0
accccde43fc86696aca738121bbe7dbe	0	0	0	0	0	0	0	0	0	0	0	0	39	0	0	0	0	0	0	0
4ad8db20b074326a0cf62c3f373ebd63	0	0	0	0	0	0	0	0	0	0	0	0	31	0	0	27	0	0	0	0
db1d8e2a3ec12bdf03df47b1aab59bcd	0	0	21	0	0	0	0	0	0	0	0	0	0	0	0	0	0	0	0	0
5f858d28e5aa8f082a62e851316363b7	0	0	0	0	0	0	0	0	0	0	0	0	0	0	0	0	39	0	0	0
6032485e763c05596bfd968a2b16ea4e	0	0	4	0	0	0	0	0	0	0	0	0	0	0	0	0	0	0	0	0
31f71ce5b3e181687916a3ce57c0e880	0	0	0	0	0	0	0	0	0	0	0	0	0	0	0	0	0	7	0	0
bdeb9bce01148846a7a442dac9048360	0	0	0	0	0	0	0	0	0	0	0	0	0	32	0	0	0	0	0	0
6172127887e2b9fc11985c09549f5e69	0	0	10	0	0	0	0	0	0	0	0	0	0	0	0	0	0	0	0	0
6c33785c46c3fef68941d9addceaf948	0	0	0	0	0	0	0	0	0	0	0	0	0	0	2	0	0	0	0	0
44ecac34cc3b07f06809d40830570fcb	0	0	8	0	0	0	0	0	0	0	0	0	0	0	0	0	0	0	0	0
190a049caad3a0453339204032c4e5e4	41	33	0	23	51	15	36	29487	38	27	11	52	33	26	42	25	30	15	25	49
4483a790329721811310e80b029c80fa	0	0	13	0	0	0	0	0	0	0	0	0	0	0	0	0	0	0	0	0
5ccd30281011c170e7e836bc752205e6	0	0	0	0	0	0	0	0	0	0	0	32	36	0	0	0	0	0	0	0
0cc951954a255c148a5be384e2d5fe9c	0	0	0	0	0	0	0	0	0	0	0	0	65	0	0	0	0	0	0	0
26b49807524ea843053eb0ed326b69eb	0	0	0	0	0	2	0	0	0	0	0	0	0	0	0	0	0	0	0	0
3d5baff45729bf2214074c2e9f77ad10	0	0	23	0	0	0	0	0	0	0	0	9	0	0	0	0	0	0	0	0
c22b16cc6108c04f29fea3b6d4c81571	0	0	0	0	0	0	0	0	0	0	0	89	20	0	0	0	0	0	0	0
d87f3481d74c9bf206a0507765b3a651	0	0	0	0	0	54	0	0	0	0	0	160	13	0	52	0	41	0	80	0
19242d6e262c55c76fdde74fbd05d9ad	0	0	0	0	0	43	0	0	0	0	6	71	0	0	0	0	0	0	0	0
5e8928042e6b55328e3465e7e57a54eb	0	0	0	0	0	11	0	0	0	0	0	0	0	0	0	0	0	0	0	0
d15bc449222795a9ff230013aa633686	0	0	47	0	0	25	0	0	0	0	0	46	0	30	0	0	0	0	0	0
0df420d7610bf05d4304f777214c2adb	0	0	26	0	0	0	0	0	17	0	0	0	0	0	17	0	0	0	0	0
7edb5c35d98d183e44a12dd0df7ebadf	0	0	129	0	0	0	0	0	0	8	0	0	0	0	136	0	47	0	0	0
2084068fe4c4b6a22a301b57f8f3d8f4	0	0	0	15	0	0	33	0	0	0	0	0	0	0	0	0	0	0	0	0
45209fd86e8cad0803efbe7395a44f35	0	0	0	0	0	0	0	0	0	18	0	0	0	0	0	0	0	0	0	0
17bb766d8fbff092bddd41d846327dcf	0	0	0	0	0	0	0	0	8	0	0	0	0	0	0	0	0	0	0	0
ca1b24e316b7ac4741626b24b97b8963	0	0	0	0	0	0	0	0	0	0	0	85	0	0	0	0	0	0	15	0
ab557cb1eca85e6a79286fe610fbee04	0	0	0	0	0	0	0	0	0	0	3	0	0	0	11	0	0	0	0	0
d46e2205f0c6ecf67b51f83d111c509c	0	0	0	0	735	0	0	0	0	0	59	47	221	0	10	0	0	0	7	0
fb5c2aa7e7a97d1ba29b2c9405cb6a41	0	0	0	0	0	0	35	0	0	0	0	27	0	0	0	0	0	0	0	0
63afe8e6aac58bf0d670a82ca5bc574c	0	0	0	0	0	15	0	0	0	0	0	0	12	0	0	0	0	0	0	0
1b38a76e014d6e20219ec6bd30d2d355	0	0	0	0	0	0	64	0	0	0	0	0	0	24	0	0	0	0	0	0
5673ae66819e3bdbbc09461e4959159e	0	0	0	0	0	0	0	0	0	0	0	134	11	0	0	0	0	0	0	0
cc761daf51f27c423da57f3f1f0ff5cc	282	0	0	0	0	0	0	0	71	0	0	62	0	0	0	0	0	0	0	0
3b94c19ef326eea0918e1c3d244c999c	0	0	0	0	0	128	0	0	0	0	0	0	0	0	0	0	0	0	0	0
945184b6386c192c0066e0a98a154780	0	0	50	0	0	0	0	0	0	0	10	508	53	700	0	0	0	0	0	0
9664cae1104ed11cba60a2552c35cae7	0	0	0	0	0	0	0	0	0	0	0	162	0	0	0	0	0	0	0	0
0697533792974c410abe92b31253acbb	0	0	0	0	0	49	0	0	0	0	0	0	0	0	0	0	0	0	0	0
c939ee112ba982665e012437dae05c1e	0	0	0	0	0	136	0	0	0	0	0	0	0	0	16	0	0	0	0	0
a0901407705992dc213ac509ede97d47	0	0	0	0	0	0	0	0	0	0	0	306	0	26	0	0	0	0	0	0
11f0558dca37009cbf1a6083b0b658e5	24883	4405	0	16713	3090	5975	8100	0	0	10507	10181	2237	69	0	14086	11717	386	264	5737	5775
d04dd7a3ae4df3b5bf98534afffcf271	0	798	0	0	0	0	0	0	0	0	0	0	0	0	0	0	0	0	0	0
3b17e60b0d5c72980aeeef29e5606170	0	0	0	0	0	0	0	0	0	0	0	0	0	0	0	0	0	0	1094	0
a984fafee002168823fca8eb6b1eff50	0	0	0	0	0	0	0	0	527	0	0	0	0	0	0	0	0	0	0	0
c601d1e94d53ed786c71de198563fd95	0	0	0	0	0	0	0	0	566	0	0	0	0	0	0	0	0	0	0	0
6ea03666b2fa8f4e14a35dabfea10c75	0	0	6145	0	1129	0	0	0	2580	0	0	31	0	18944	0	0	0	0	0	0
e6484c19c680bde0ffa16f2a1a5d36ea	0	0	0	0	0	0	0	0	0	0	0	84	0	0	0	0	0	0	0	0
bb7e5c6df18c100b97f890fc35eb2911	0	0	0	0	0	0	0	0	0	0	0	0	0	0	0	0	0	50	0	0
38eaa8f3d127290bf06b9a82171c37c0	0	0	0	0	0	78	0	0	0	0	0	0	0	0	10	0	0	0	0	0
b4bb370a59f2637d406ccc0f5a1b2a1e	0	0	3677	0	0	344	0	0	0	0	0	27	0	8	0	453	0	82	0	0
ecc423b8fefd03a92aa1a97fc74a654c	0	0	0	0	0	0	0	0	0	0	0	0	0	0	8	0	0	0	0	0
ca1a664b38e407b907b8cefd443977a8	0	0	8	0	0	0	0	0	0	0	0	0	0	0	0	0	0	0	0	0
5d22fd7b12389bef1c091d5a516e8a03	0	0	0	0	0	0	46	0	0	0	0	0	0	0	0	0	0	0	0	0
8e50d84fc526565c1963a5b490607d20	0	0	0	0	0	0	0	0	0	0	0	0	0	0	43	7	60	73	0	0
835bdba793a88d2a3f653b7bb287717b	0	0	0	0	0	0	0	0	0	0	0	0	0	0	44	14	0	0	0	0
289751964e6101e1be5ce28bc3e67263	0	0	54	0	0	0	0	0	0	0	0	0	0	0	308	145	3614	148	0	0
a221f963f6a24d965c12fa0cb558121d	0	0	0	0	0	0	30	0	0	313	0	0	0	0	0	0	0	0	0	0
57a3a1dc8b44bc66323c2f9f69e2f1c1	0	0	0	0	0	0	0	0	0	0	0	32	0	0	0	0	0	0	0	0
7a6d4a1bfc7606e2b28d1aec9abe8368	0	0	58	7	0	0	0	0	0	0	0	0	0	0	185	0	46	0	0	0
c94e5634d96202514bf74e105274ca53	0	0	0	0	0	0	0	0	0	0	0	0	0	0	0	0	123	0	0	0
7aab703332258f6b5a0bd9aec19e8a8f	0	0	0	0	0	0	0	0	5	0	0	0	0	0	99	0	1043	58	0	0
cf1900e2549b8ad887e5a5e9219c6a8b	0	0	0	2	0	0	0	0	0	0	0	0	0	0	0	0	0	0	0	0
88f933de1112ad9a356105ec9e26bd26	0	0	0	0	0	0	0	0	0	0	0	0	0	0	0	0	17	0	0	0
e1837e784fee184ed82d4a9a6cc1d4ab	0	0	0	0	0	0	0	149	0	0	0	0	0	0	0	0	0	0	0	0
80402954900654ed271f5efe75e321a2	0	0	12	0	0	0	0	0	0	0	0	0	0	0	0	2	0	0	0	0
74792adac452eb3544cdc17064d6bbee	0	0	0	0	66	0	0	0	0	0	0	0	0	0	0	0	0	0	7	0
a01206f0b17de33744bdac813c3c6eca	0	0	87	11	0	0	0	0	0	0	4	0	0	0	21	0	183	6	0	0
a690bab09a7752a35adce42fa7894e05	0	0	0	0	0	0	0	0	0	0	0	0	0	0	0	0	12	0	0	0
e5a9ab4e7c3ae6755d2553de8cbe912f	0	0	0	0	0	0	0	0	0	0	0	0	0	0	9	0	0	0	0	0
49d46d00a93443b060707ab2db8ba82d	0	0	0	0	0	16	0	15	0	0	0	0	0	0	8	0	0	0	0	0
40788e6b1c992e5abd6d9fdb0b067706	0	0	0	0	0	113	0	0	0	0	0	0	0	0	0	0	0	0	0	0
cbe0cf6479977d4c437b79eb5506c0ca	0	0	0	0	0	519	0	0	0	0	0	0	0	0	0	0	0	0	0	0
b73920b9b356ea1285d2189f17b7f95c	0	0	0	0	0	0	0	870	0	0	0	0	0	0	0	0	0	0	0	0
83f20fcc114379892fdd9cfcc3a617b9	0	0	0	0	0	0	0	39	0	0	0	0	0	0	7	0	0	0	0	0
38dcf0d76e8b14f94071f7c13767275e	0	0	0	3	0	0	0	0	0	0	0	0	0	0	0	0	0	0	0	0
001af72c9a00006e454c5d7eeeb81c23	0	0	47	0	0	0	0	0	0	0	0	0	0	0	0	0	12	0	0	0
b7d2bfd3f518f2f3e2b031cf4ed32757	0	0	4	0	0	0	0	0	0	0	0	0	0	0	0	0	7	0	0	0
6d9e58684bbecf34d9a5fb2a753d6fd7	0	0	10	0	0	0	0	0	0	0	0	0	0	0	0	0	9	0	0	0
5c061dc8bafe80b5767222e204384886	0	0	10	0	0	0	0	0	0	0	11	0	0	0	114	0	313	25	0	0
32a2fc85ae80418c39892822a4bf2076	0	0	37	24	0	0	0	0	0	0	19	0	0	0	233	0	1172	100	0	0
c66ea3d804ab0d5346b5d0a31b4562ae	0	0	14	0	0	0	0	0	0	0	0	0	0	9	0	0	0	0	0	0
be74cad9381c15cfaa8e6071aa77e7f4	0	0	0	0	0	0	0	0	0	0	0	0	0	0	13	0	0	0	0	0
6c0c84518abe719cc7c4af67f51b577e	0	0	0	0	0	0	0	0	0	0	0	5	0	0	0	0	0	0	0	0
2f7db29d89aa3dce7453fcc7348598e9	0	0	0	0	0	0	0	0	0	0	0	577	0	0	0	0	0	0	0	0
c06ccd1f7d57566ef669942328b1a946	0	0	13	0	0	0	0	0	0	0	0	0	0	0	0	0	0	0	0	0
63403aa0515deb0039fbfb793b870272	0	0	5	0	0	0	0	0	0	0	0	0	0	0	50	0	0	0	0	0
95ebc7c3d4034cfeb6adef3e6bf68ab1	0	0	0	0	0	0	0	0	109	0	43	0	0	0	0	0	0	0	0	0
12b5c766540f68c8245bc01a1de4d781	23	0	90	16	24	0	12	0	405	59	184	0	17	0	514	0	12665	232	3299	0
0a645f6628f898944c2ce76d39a68d35	0	0	0	0	0	0	0	171	0	0	0	0	0	0	0	0	0	0	0	0
0f16eaf612b5dec1a256a3256e69a14a	0	220	0	0	0	0	0	175	0	0	0	14	41	0	0	0	0	0	92	0
537b61d8c6edf132110fa1f1ad139c8c	0	0	0	0	0	0	43	0	34	0	0	0	0	0	0	2	0	0	0	1045
edd80466ef9888c7358d7cc565306a4f	0	0	0	0	0	0	0	0	0	0	0	0	0	0	0	0	84	0	0	0
ec0939a31de3e1119188c35e04dacb96	0	0	0	0	0	0	0	0	14	0	0	0	0	0	0	0	107	5	13	0
41190dd28ac59e09bb90ec1f2995c527	0	0	0	0	0	0	0	0	0	0	17	0	0	0	0	0	766	0	0	0
0126d59c1073241b3d42b2cf9f5216bd	0	0	0	0	0	0	0	0	0	169	0	0	0	0	0	0	0	0	0	100
b458f0d5da21dc8f9182058578c9e34f	0	175	0	0	0	0	4375	0	0	264	0	52	23	0	0	0	0	0	0	37
babe12231a96c828ad12034473c36019	0	0	0	0	0	16	0	0	0	0	0	32	36	0	21	67	223	23	0	0
8ce117e75aa2f81e4d427f548ecfeeb5	0	0	0	0	0	176	0	0	0	0	0	22	0	0	0	255	0	0	0	0
de68ebfc2f017e2dd2615115e3073d50	0	0	0	0	0	191	0	0	0	0	0	21	0	0	17	39	14	0	0	0
69cb94bc7147e79c931c6c3fe7c5c4b1	30	0	11	21	0	161	0	0	11	0	0	1040	991	0	0	2153	56	0	125	0
d9495d57a18061debff45fb56226033c	0	274	0	0	0	0	0	0	0	0	0	0	16	0	0	0	0	0	198	0
0e161099b2770fd8e02dca831d47f3bb	0	0	27	0	0	0	0	0	42	0	27	0	0	0	211	0	9185	181	0	0
5cbe7d249f4181da3fb3dcd76087ce71	0	0	0	0	0	0	0	0	0	0	0	0	0	0	0	45	0	0	0	0
c71a0b723402b8d3e22b6af121320ea5	0	0	45	0	0	0	0	0	119	0	206	0	0	0	74	2945	1563	44	30	0
27ff584524331e6747469e8a9977eb89	0	0	0	0	0	0	0	0	0	0	0	0	0	0	0	0	86	0	122	0
04524511556ae43c41266c364d115459	89	0	332	67	75	39	72	33	270	130	1946	0	0	73	134	1759	1541	685	682	34
7339301f770131bd35e653eda2ac5106	0	0	453	0	0	0	0	0	0	0	0	121	93	0	0	88	0	0	333	0
7b28c20e72c6c95b3e604f0849245770	0	43	0	0	209	0	0	0	0	0	0	0	0	0	0	0	0	0	0	0
57147860d5b9d1fb8ee0f06ee212c682	0	0	0	0	0	0	0	0	0	0	0	16	0	0	0	0	0	0	0	0
617aaf28dec874bbc1030ef0a2d7f5f4	44	0	0	0	0	0	0	0	0	0	0	0	0	0	0	0	0	0	0	0
40a871dd7ec1c44386128af2f352d393	0	0	184	19	0	0	0	0	27	0	0	0	0	0	279	0	319	8	0	0
9209e4a08eddc573938ddc57af7b023b	0	0	34	0	0	0	0	0	0	0	0	0	0	0	0	0	160	0	0	0
b8343ab9acc621c6aee1c953e413de87	0	0	0	0	0	0	0	0	0	0	0	0	0	0	0	0	0	0	21	0
37f3de15bbca8996564cdfae7a97257a	0	0	0	0	0	0	0	0	0	0	0	0	0	0	0	0	0	68	0	0
f4206b8c3d4e8f3bd54f960952e0f6be	9	17	112	84	0	0	0	0	451	28	299	0	0	69	283	114	449	1000	0	3
523ec8681a0672d43f1f43488e911848	0	0	0	0	0	0	0	0	0	0	0	0	0	0	0	0	0	119	0	0
d72c5e2e2b7de04536f9462a63c6d585	0	0	0	0	0	0	0	0	37	0	0	0	0	0	0	20	78	0	10	0
3ea18db33fbb80c7d1d8c480c7ccfa97	0	0	66	71	0	0	0	0	86	0	0	0	0	21	79	0	22	0	0	0
8868232a85b69308b644bdfcaf7c07d8	0	0	0	0	0	0	0	0	0	0	0	0	0	0	12	0	9	0	0	0
a7e0690eacfec307bbfdd161ba281de9	0	0	0	12	0	0	0	0	20	0	0	0	0	0	33	36	0	0	0	0
83bb10f3d5c91010a147dcd7159e9d13	0	0	50	0	0	0	0	0	0	0	0	0	0	0	0	0	62	0	0	0
6f70e55b156946c55069e3f450ffaf84	0	0	0	0	0	0	0	0	6	0	14	0	0	0	0	0	0	0	0	0
6a1f9223fe78243056d2ddb2ad7a01dc	0	0	0	0	0	0	0	0	0	0	0	0	0	0	0	0	0	0	13	0
39277856f18f889dce2a469fd8cb94d0	255	0	0	0	0	0	0	0	0	0	0	0	0	0	0	0	0	0	0	0
9acb555d3c5dd77e9035a661e7ad1bb6	0	0	0	0	0	0	0	0	0	0	0	59	280	0	0	0	0	0	35	0
7053439dbdc34217487e46a59c3587f8	0	21	0	0	0	0	0	0	0	0	0	0	0	0	0	0	0	0	0	0
5c664a2c162271deb11541a9030ac243	0	0	170	0	0	0	0	0	0	0	0	0	0	0	0	0	34	0	0	0
dfba942f2d36cb6b7755f9c3b6d01ac9	0	0	0	0	6	0	0	0	0	0	0	0	0	0	0	0	0	0	0	0
9580aa8a52ec18a4e92e701cdb595faa	0	0	0	0	0	0	0	0	0	0	747	0	129	0	10	0	0	0	180	0
22424eb53c259749d0d5cf4f45d18613	0	0	0	0	0	0	0	0	0	0	0	18	0	0	0	0	0	0	0	0
37f004671c936285c26471120596b2f5	0	0	0	0	0	0	0	0	0	0	0	0	13	0	0	0	0	0	0	0
fde5c109852ffd26da3b003a249cffb0	71	0	0	0	0	0	0	0	0	0	0	0	0	0	0	0	0	0	0	0
566e0022eb4f65298883ce9017cca3e7	57	0	0	0	0	0	0	0	0	0	0	0	0	0	0	0	0	0	0	0
1008807c693e74762743d34a9590f98d	57	0	0	0	0	0	0	0	0	0	0	0	0	0	0	0	0	0	0	0
c99026a091c7446e2d2931e81d44d340	68	0	0	0	0	0	0	0	0	0	0	0	0	0	0	0	0	0	0	0
de19161c9182bd907e548277c2d771af	20	0	0	0	0	0	0	0	0	0	0	0	0	0	0	0	0	0	0	0
858603b5b6c7332924623a52faa10212	0	0	42	0	0	0	0	0	103	75	0	0	0	15	0	0	0	0	0	0
1ad3ab2114467bf2dbe3b206a585ad96	0	0	0	71	0	0	0	0	0	0	0	0	0	0	0	0	0	0	0	0
7b46269976203c4b677141e236344faf	5	15	29	838	0	0	0	0	570	110	182	0	0	41	10	148	28	185	0	0
821130ba72e86c335c55c269f31db0d0	563	0	0	0	0	0	0	0	0	0	0	0	0	0	0	0	0	0	0	0
20e0c4ee67fc60255eeb639521f9c633	0	0	0	0	12	0	0	0	0	0	0	0	0	0	0	0	0	0	0	0
bf03d797f6eda20fe5e496823fec8bf5	0	0	0	0	0	0	0	184	0	0	0	0	0	0	0	0	0	0	0	0
075b7d3227e0470160c2a9c1052aa957	0	0	0	0	0	0	0	0	0	0	0	8	0	0	0	0	0	0	0	0
25bf7b31746631bbb8582ebe892fe837	0	0	0	0	42	0	0	0	0	0	0	0	0	0	0	0	0	0	0	0
43202fe954709a694e31c3a1be7e889b	0	0	0	0	414	0	0	0	0	0	0	0	33	0	0	0	0	0	0	0
1dde78a832726432f17dac5a5196da8a	0	0	0	0	177	0	0	0	0	0	0	0	0	0	0	0	0	0	0	0
8e43e04a9e20a29201456d222d078ab0	0	0	0	0	14	0	0	0	0	0	0	0	6	0	0	0	0	0	0	0
5fbc483f79cd97d3a7253931f37c33e8	0	0	0	0	8	0	0	0	0	0	0	0	0	0	0	0	0	0	0	0
91b0367b2e0220b4d5c350fb36f64194	0	0	0	0	140	0	0	0	0	0	0	0	13	0	0	0	0	0	0	0
d726fcfea24d2c503a7603139818af02	0	0	0	0	61	0	0	0	0	0	0	0	0	0	0	0	0	0	0	0
9904009a0e14e24b0a6e25eeeeff3e95	0	0	0	0	68	0	0	0	0	0	0	0	18	0	0	0	0	0	0	0
afa3e197ab31aa17a760b9a076eb42f3	0	0	0	0	0	0	0	0	0	0	0	0	0	0	0	0	0	0	10	0
c13ea1ed2476f8e7b2ae632b1f4c9c08	0	0	0	0	240	0	0	0	0	0	0	0	7	0	0	0	0	0	0	0
ad139328ba8ac39c2e5ccef543df2deb	0	0	0	0	0	0	0	0	0	0	0	8	0	0	0	0	0	0	0	0
73bc8c1d2614b910b415157c73b0ae76	0	0	0	0	24	0	0	0	0	0	0	0	29	0	0	0	0	0	0	0
7a9d9b9350622ec8fd1b0e1c49d7836e	0	0	23	0	0	0	0	0	0	0	0	0	0	0	21	0	308	10	0	0
955309e86744c1a54aff7ba81381c09c	0	0	0	0	0	0	0	0	0	0	0	0	0	0	0	0	4	0	0	0
39a6e56204ae6bc4506f9be89694dc2d	0	0	0	0	0	0	0	0	0	0	0	0	0	0	4	0	74	9	0	0
f5f5e0da89730462abaf6301a9557193	0	0	0	0	604	0	0	0	0	0	0	46	12	0	0	0	0	0	12	0
545f2b8b71aad3c042a8f20fe0e25df2	0	0	0	0	655	0	0	0	0	0	0	0	60	0	0	0	0	0	0	0
9639a3291729a3758207b47715d9205f	0	0	0	0	0	0	0	0	0	0	0	142	0	0	0	0	0	0	0	0
e0fc7e9a421580cbfcfa30cfa0917791	0	0	0	0	3719	0	0	0	0	0	0	0	994	0	0	0	0	0	0	0
504efe2f63f610a0f92e8cd040e2f916	0	0	0	0	165	0	0	0	0	0	0	0	0	0	0	0	0	0	0	0
91d88c8de916ec74bdd1e6572f4b9d49	0	29	0	0	0	0	0	0	0	350	0	0	0	0	0	0	0	0	0	0
aa5b82d5487c827e9618a0817c383430	0	0	0	0	202	0	0	0	0	0	0	0	0	0	0	0	0	0	0	0
478c40c3436e26fcd4582c2b8994c1f1	5	0	0	0	0	0	0	0	0	0	0	0	0	0	0	0	0	0	0	0
bd205b9f3a5ece651a9405746ce7bf3d	0	0	0	0	0	0	0	0	0	0	0	22	0	0	0	0	0	0	0	0
c5f350c9d6c626cf86bdc5cd13785c85	0	0	0	0	0	0	0	0	0	0	0	34	0	0	0	16	0	0	0	0
d303cb778f83c4c78d93d4a67b34a4d0	0	0	59	0	0	0	0	0	0	0	0	0	0	0	0	0	12	0	0	0
3f9afe17105dd0c33bf41ce08824f362	0	0	0	0	62	0	0	0	0	0	0	0	0	0	0	0	0	0	0	0
0901b8d53a0ae6526960643c51c94fa7	0	0	0	0	168	0	0	0	0	0	0	0	0	0	0	0	0	0	0	0
33518e48b174ac428cb7be1a216c6c6e	0	0	0	0	0	0	0	0	0	0	0	21	0	0	0	0	0	0	0	0
0a9666b9327e910d49fb6c596e9d0343	0	0	8	0	0	0	0	0	0	0	0	0	0	0	5	0	0	0	0	0
f7672dd49530612c4f54dcdce68e1eed	0	0	0	0	0	0	0	0	0	0	0	0	0	0	0	0	14	0	0	0
de5437e78303f6645d774a90bef4e370	0	0	0	0	0	0	0	0	0	0	0	0	0	0	0	148	0	0	0	0
a82250af6ba5d2b64912c3ad6d84a5b0	110	0	0	0	0	0	0	0	0	0	0	0	0	0	0	0	0	0	0	0
9db1c43f5850e93a3c524ae644664fc9	0	0	0	0	0	0	0	0	0	0	0	5	0	0	0	0	0	0	0	0
ab367ccf59384e60d4125d9417c76beb	53	0	0	0	0	0	0	0	0	0	0	0	0	0	0	0	0	0	0	0
91585b7e3dc10e0e3c69a7fc061a1b1f	0	0	0	0	0	0	0	0	0	0	0	9	0	0	0	0	0	0	0	0
c992c6eb5c9c00d1814d7b84ea0a1336	0	0	0	0	0	0	0	0	0	0	0	0	0	0	0	0	0	0	4	0
66063c3a2e5cc0fd8b0b301cdbb7c0ce	0	0	0	0	63	0	0	0	0	0	0	0	6	0	0	0	0	0	0	0
8b7483d80f112638fcde8435d183a1bf	0	0	22	0	0	0	0	0	0	0	0	0	0	0	0	0	0	0	0	0
13d0e662684249be04d631981ca31b47	0	0	0	0	0	0	0	0	0	0	0	0	0	0	0	0	0	0	156	0
7af6fc12809fdafab918881f836460f8	0	0	0	0	48	0	0	0	0	0	0	0	0	0	0	0	0	0	0	0
452e8489334d0ba0cf7eeccea28f1364	0	0	0	0	0	0	0	0	0	0	0	0	0	0	0	0	0	0	25	0
432c814024bdfd89d3273986167eefb9	0	0	0	0	499	0	0	0	0	0	0	0	36	0	0	0	0	0	36	0
b06f2fb52a01abc265ff9036fee99424	0	0	0	0	174	0	0	0	0	0	0	0	0	0	0	0	0	0	0	0
d76d59ec71de0e3b22da0c9cd564d41a	0	0	0	0	0	0	0	0	0	0	0	21	0	0	0	0	0	0	0	0
08bd43071a06abf56df235fca6655bea	0	0	0	0	47	0	0	0	2	0	0	0	0	0	0	0	0	0	349	0
d99116b97ba162fa41484afab9af2627	0	0	0	0	0	0	0	0	0	0	0	0	0	0	0	0	0	0	253	0
f8c0af26c7c4b829d7e573ecaacb6572	0	0	0	0	0	0	0	0	0	0	27	0	0	0	0	0	0	0	0	0
98143d3e3cd541c0028117de28d58c8c	0	0	0	0	0	0	0	0	0	0	0	0	0	0	0	0	0	0	44	0
61535a40adb8221483821e3984d0b1ac	0	0	0	0	0	0	0	0	0	0	0	173	0	0	0	7	0	0	0	0
0a68ec564e278b0246c920ad7de41880	0	0	0	0	0	0	0	0	0	0	0	109	0	0	0	0	0	0	0	0
d49783e7800974b5f2bcce554e26072e	0	0	0	0	0	0	0	0	0	0	5	0	0	0	0	0	0	0	379	0
c81d2bd60b0b2a355bc6e63534ecc66c	0	0	0	0	1664	0	0	0	0	0	11	6	399	0	0	0	0	0	707	0
932965d7ed2166402b521fea7a1029a4	0	0	0	0	0	0	0	0	0	0	53	53	0	0	0	0	0	0	64	0
0ba92b5d91ba43524ebc6ea1ae7c5a73	0	0	0	0	58	0	0	0	0	0	0	0	277	0	0	0	0	0	24	0
02a1365d97b536fd222296287de73535	0	0	0	0	1180	0	0	0	0	0	0	0	313	0	0	0	0	0	0	0
2a7169b7465789a82b4f47c3d934d259	0	0	0	0	0	0	0	0	0	0	6	0	0	0	0	0	0	0	460	0
c6c3ab4e828fb40d6e05967b7aac9338	0	0	0	0	0	0	0	0	0	0	0	62	9	0	0	0	0	0	0	0
00a96fbd0ac34bfd245f9c24f8737f7d	0	0	0	0	0	0	0	0	0	0	0	69	0	0	0	0	0	0	0	0
a63f65ad0f7a1ffc9e5ea828e95cdd6b	0	0	0	0	0	0	0	0	0	0	0	0	0	0	0	0	0	0	201	0
0305ddf4375c4b915d28ca1500e01974	12	0	0	0	0	0	0	0	0	0	0	0	0	0	0	0	0	0	0	0
2419a3bc19c5ab67e8843ae1d35cac3f	11	0	0	0	0	0	0	0	0	0	0	0	0	0	0	0	0	0	0	0
978bb100d578cc87cf149c79aa20adb2	33	0	0	0	0	0	0	0	0	0	0	0	0	0	0	0	0	0	0	0
aac0099991c8518a5268b1a19a84550b	0	0	0	0	0	0	0	0	0	0	0	41	0	0	0	0	0	0	0	0
bf3e1ee6abcd8bfc911426d22ab0d4c8	0	0	0	0	91	0	0	0	0	0	0	0	0	0	0	0	0	0	0	0
5466e1aea8312e410d78abb5199ea978	0	0	0	0	16	0	0	0	0	0	0	0	0	0	0	0	0	0	0	0
2981ef29bfa309b82ff5004f3f092916	0	2	0	0	0	0	0	0	0	0	0	36	0	0	0	0	0	0	0	0
141f92c0b035d2180dca990e6d679915	0	0	0	0	0	0	0	0	0	0	0	24	0	0	0	0	0	0	0	0
46a4adb950841e56c3c75d2de1b28566	0	0	0	0	0	0	0	0	0	0	0	24	0	0	0	0	0	0	0	0
35e7a771fe596263d6d7cac26698735f	0	0	0	0	0	0	0	0	0	0	0	41	0	0	0	47	0	0	0	0
6f0f365dc8638597e5f4cc161f803c81	0	0	0	0	0	0	0	0	0	0	0	33	0	0	0	0	0	0	0	0
f4d1fac3194d756b69c64630fb1e78b7	0	0	0	0	0	0	0	0	0	0	0	22	0	0	0	0	0	0	0	0
ddc099c7707bbdad0b9e90375ab4fd5f	0	0	0	0	0	0	0	0	0	0	0	50	0	0	0	0	0	0	0	0
12615dfed222d35c1582cbd6cef48013	0	0	0	0	0	0	0	0	0	0	0	0	0	0	0	0	0	0	188	0
f4cc6e4932f507b33d1335d801f54563	0	0	0	0	0	0	0	0	0	0	0	20	0	0	0	0	0	0	0	0
47d0f3d7e73980aa27bf4d8d9db49e66	0	0	0	0	0	0	0	0	0	0	0	35	0	0	0	23	0	0	0	0
3ff37adecb4a88e4560da7b5b427184d	0	0	0	0	0	0	0	0	0	0	0	21	0	0	0	0	0	0	0	0
da6394eaeecfb904470c76fe47ac4caf	0	0	0	0	0	0	0	0	0	0	0	6	0	0	0	0	0	0	0	0
5149bdbf03de13bb38557d48d5141b87	0	0	0	0	79	0	0	0	0	0	0	0	0	0	0	0	0	0	0	0
e6569379277cb6df16091afbdf2001b0	0	0	0	0	39	0	0	0	0	0	0	0	0	0	0	0	0	0	0	0
c24e0e391aa836b5eae25567c7eb89ee	0	0	0	0	0	0	0	0	0	0	0	0	0	0	0	0	0	0	113	0
cd9ca840390c8c0d54da8c1a984f2b37	0	0	0	0	0	0	0	0	0	0	11	0	0	0	0	0	0	0	59	0
a248d70e41d75f4773ef7c94e831a21a	0	0	0	0	0	0	0	0	0	0	24	0	0	0	0	0	0	0	844	0
9624ce4cefb03530aaafca65b645cfcc	0	0	0	0	0	0	0	0	0	0	0	0	0	0	0	0	0	0	45	0
24646f903382ae52da1b45805982e09f	0	0	0	0	1083	0	0	0	0	0	0	0	179	0	0	0	0	0	0	0
3b17ffa45b4816e5ad66b43e6896b637	0	0	0	0	31	0	0	0	0	0	0	0	0	0	0	0	0	0	0	0
1a00d6f6f050de856ab73d3e92c51b01	0	0	0	0	0	0	0	0	0	0	0	7	0	0	0	0	0	0	0	0
